[gd_scene load_steps=13 format=2]

[ext_resource path="res://player/Player.tscn" type="PackedScene" id=1]
[ext_resource path="res://addons/wahooney.itch.io/white_grid.png" type="Texture" id=2]
[ext_resource path="res://assets/kenney/naturePack_052.obj" type="ArrayMesh" id=3]
[ext_resource path="res://Plane.tscn" type="PackedScene" id=4]
[ext_resource path="res://AirplaneController.gd" type="Script" id=5]

[sub_resource type="CubeMesh" id=4]
resource_local_to_scene = true
size = Vector3( 0.05, 0.05, 0.05 )
subdivide_depth = 20

[sub_resource type="CubeMesh" id=5]
resource_local_to_scene = true
size = Vector3( 0.05, 0.05, 0.05 )
subdivide_depth = 20

[sub_resource type="SpatialMaterial" id=1]
flags_world_triplanar = true
albedo_color = Color( 0.376471, 0.160784, 0.00392157, 1 )
albedo_texture = ExtResource( 2 )
uv1_triplanar = true
uv2_triplanar = true

[sub_resource type="PlaneMesh" id=2]
size = Vector2( 900, 900 )

[sub_resource type="MultiMesh" id=9]
transform_format = 1
instance_count = 128
mesh = ExtResource( 3 )
transform_array = PoolVector3Array( -0.945757, 0, -0.324876, 0, 1, 0, 0.324876, 0, -0.945757, -431.077, -0.05, -119.44, -0.373998, 0, -0.92743, 0, 1, 0, 0.92743, 0, -0.373998, 318.731, -0.05, 358.999, -0.976133, 0, 0.217173, 0, 1, 0, -0.217173, 0, -0.976133, 53.3304, -0.05, -333.885, 0.635336, 0, -0.772236, 0, 1, 0, 0.772236, 0, 0.635336, -140.415, -0.05, 341.539, 0.779994, 0, -0.625786, 0, 1, 0, 0.625786, 0, 0.779994, 239.852, -0.05, 173.093, 0.186254, 0, 0.982502, 0, 1, 0, -0.982502, 0, 0.186254, 46.0277, -0.05, -415.455, 0.897766, 0, -0.440472, 0, 1, 0, 0.440472, 0, 0.897766, 385.592, -0.05, -11.7945, 0.0506392, 0, -0.998717, 0, 1, 0, 0.998717, 0, 0.0506392, -71.2286, -0.05, 383.784, -0.297545, 0, -0.954708, 0, 1, 0, 0.954708, 0, -0.297545, -331.522, -0.05, -219.53, 0.696191, 0, -0.717856, 0, 1, 0, 0.717856, 0, 0.696191, -70.8572, -0.05, 326.582, 0.997703, 0, 0.0677432, 0, 1, 0, -0.0677432, 0, 0.997703, 291.879, -0.05, 113.145, -0.514071, 0, -0.857748, 0, 1, 0, 0.857748, 0, -0.514071, 254.806, -0.05, -335.324, 0.30787, 0, -0.951428, 0, 1, 0, 0.951428, 0, 0.30787, 36.3841, -0.05, 32.6357, 0.188063, 0, -0.982157, 0, 1, 0, 0.982157, 0, 0.188063, -249.968, -0.05, -78.1105, 0.99769, 0, 0.0679339, 0, 1, 0, -0.0679339, 0, 0.99769, 283.204, -0.05, -148.407, -0.950312, 0, -0.311299, 0, 1, 0, 0.311299, 0, -0.950312, -317.493, -0.05, -288.515, -0.866282, 0, -0.499555, 0, 1, 0, 0.499555, 0, -0.866282, 289.277, -0.05, 203.622, -0.827004, 0, 0.562196, 0, 1, 0, -0.562196, 0, -0.827004, -117.63, -0.05, -278.262, -0.320985, 0, -0.947084, 0, 1, 0, 0.947084, 0, -0.320985, 78.7424, -0.05, 409.878, -0.305859, 0, -0.952077, 0, 1, 0, 0.952077, 0, -0.305859, 217.02, -0.05, -3.08337, -0.178157, 0, -0.984002, 0, 1, 0, 0.984002, 0, -0.178157, -321.817, -0.05, 36.8101, -0.964374, 0, 0.264544, 0, 1, 0, -0.264544, 0, -0.964374, 87.1008, -0.05, -104.725, -0.452964, 0, -0.891529, 0, 1, 0, 0.891529, 0, -0.452964, -187.01, -0.05, -348.468, 0.977776, 0, -0.209654, 0, 1, 0, 0.209654, 0, 0.977776, 421.97, -0.05, 115.244, -0.93458, 0, -0.355753, 0, 1, 0, 0.355753, 0, -0.93458, -46.9, -0.05, 365.528, 0.00569261, 0, 0.999984, 0, 1, 0, -0.999984, 0, 0.00569261, 391.234, -0.05, -399.095, -0.911144, 0, -0.412089, 0, 1, 0, 0.412089, 0, -0.911144, -46.9276, -0.05, -0.903839, -0.957242, 0, -0.28929, 0, 1, 0, 0.28929, 0, -0.957242, 77.4369, -0.05, 188.37, -0.948114, 0, -0.317931, 0, 1, 0, 0.317931, 0, -0.948114, -155.746, -0.05, -147.403, -0.16951, 0, 0.985528, 0, 1, 0, -0.985528, 0, -0.16951, -356.352, -0.05, 156.54, 0.405343, 0, -0.914165, 0, 1, 0, 0.914165, 0, 0.405343, 80.1135, -0.05, 192.435, 0.992307, 0, -0.123803, 0, 1, 0, 0.123803, 0, 0.992307, 183.798, -0.05, 236.446, 0.969781, 0, -0.243975, 0, 1, 0, 0.243975, 0, 0.969781, 446.373, -0.05, -314.141, -0.49217, 0, -0.870499, 0, 1, 0, 0.870499, 0, -0.49217, -241.565, -0.05, 371.738, -0.0843144, 0, -0.996439, 0, 1, 0, 0.996439, 0, -0.0843144, 17.4612, -0.05, 375.141, -0.988286, 0, -0.15261, 0, 1, 0, 0.15261, 0, -0.988286, -232.09, -0.05, 334.404, -0.272692, 0, -0.962101, 0, 1, 0, 0.962101, 0, -0.272692, -220.922, -0.05, -143.131, -0.999304, 0, -0.0373063, 0, 1, 0, 0.0373063, 0, -0.999304, 437.388, -0.05, 161.216, -0.650956, 0, 0.759115, 0, 1, 0, -0.759115, 0, -0.650956, 44.5207, -0.05, -153.705, 0.633867, 0, -0.773442, 0, 1, 0, 0.773442, 0, 0.633867, 333.482, -0.05, 145.715, -0.360136, 0, 0.9329, 0, 1, 0, -0.9329, 0, -0.360136, 0.198288, -0.05, -40.0816, -0.715739, 0, -0.698368, 0, 1, 0, 0.698368, 0, -0.715739, -293.866, -0.05, 207.699, -0.746153, 0, -0.665774, 0, 1, 0, 0.665774, 0, -0.746153, -179.107, -0.05, -433.455, -0.492129, 0, -0.870522, 0, 1, 0, 0.870522, 0, -0.492129, -185.278, -0.05, -67.069, 0.250371, 0, -0.96815, 0, 1, 0, 0.96815, 0, 0.250371, 202.126, -0.05, 384.195, -0.911458, 0, 0.411394, 0, 1, 0, -0.411394, 0, -0.911458, -12.8416, -0.05, -25.945, 0.0983744, 0, 0.995149, 0, 1, 0, -0.995149, 0, 0.0983744, 373.597, -0.05, -398.341, 0.102454, 0, 0.994738, 0, 1, 0, -0.994738, 0, 0.102454, -423.457, -0.05, 167.714, -0.0506204, 0, -0.998718, 0, 1, 0, 0.998718, 0, -0.0506204, -60.7618, -0.05, -129.057, 0.00580646, 0, 0.999983, 0, 1, 0, -0.999983, 0, 0.00580646, -258.038, -0.05, -128.225, -0.860071, 0, -0.510174, 0, 1, 0, 0.510174, 0, -0.860071, 276.276, -0.05, -95.9109, -0.985761, 0, 0.168152, 0, 1, 0, -0.168152, 0, -0.985761, 150.447, -0.05, 373.461, -0.986161, 0, 0.165791, 0, 1, 0, -0.165791, 0, -0.986161, -227.614, -0.05, -94.2933, 0.107131, 0, 0.994245, 0, 1, 0, -0.994245, 0, 0.107131, 324.969, -0.05, -347.895, -0.888644, 0, -0.458598, 0, 1, 0, 0.458598, 0, -0.888644, -133.188, -0.05, 259.983, -0.400426, 0, -0.916329, 0, 1, 0, 0.916329, 0, -0.400426, 403.614, -0.05, -185.491, -0.277459, 0, -0.960737, 0, 1, 0, 0.960737, 0, -0.277459, -217.519, -0.05, -316.828, -0.421064, 0, 0.907031, 0, 1, 0, -0.907031, 0, -0.421064, -294.22, -0.05, -402.982, -0.952797, 0, -0.303607, 0, 1, 0, 0.303607, 0, -0.952797, -196.273, -0.05, -341.625, -0.526733, 0, 0.850031, 0, 1, 0, -0.850031, 0, -0.526733, 32.252, -0.05, -316.871, -0.72663, 0, 0.687029, 0, 1, 0, -0.687029, 0, -0.72663, 15.931, -0.05, -206.286, -0.623793, 0, 0.78159, 0, 1, 0, -0.78159, 0, -0.623793, -383.946, -0.05, 183.445, -0.417989, 0, -0.908452, 0, 1, 0, 0.908452, 0, -0.417989, 262.629, -0.05, 187.43, 0.103911, 0, 0.994587, 0, 1, 0, -0.994587, 0, 0.103911, 136.335, -0.05, -280.072, -0.800759, 0, -0.598986, 0, 1, 0, 0.598986, 0, -0.800759, 444.413, -0.05, 340.74, -0.0792507, 0, -0.996855, 0, 1, 0, 0.996855, 0, -0.0792507, -267.535, -0.05, 441.873, -0.7834, 0, 0.621517, 0, 1, 0, -0.621517, 0, -0.7834, -383.962, -0.05, -90.5901, -0.129147, 0, 0.991625, 0, 1, 0, -0.991625, 0, -0.129147, 116.624, -0.05, -168.917, -0.902503, 0, -0.430684, 0, 1, 0, 0.430684, 0, -0.902503, 252.749, -0.05, 127.936, 0.826761, 0, -0.562553, 0, 1, 0, 0.562553, 0, 0.826761, 341.747, -0.05, 212.384, -0.545229, 0, 0.838287, 0, 1, 0, -0.838287, 0, -0.545229, -128.815, -0.05, 74.4489, 0.965495, 0, -0.260421, 0, 1, 0, 0.260421, 0, 0.965495, 165.531, -0.05, 322.674, -0.942304, 0, -0.33476, 0, 1, 0, 0.33476, 0, -0.942304, 322.502, -0.05, -344.576, -0.149158, 0, -0.988813, 0, 1, 0, 0.988813, 0, -0.149158, -105.156, -0.05, -307.74, -0.857705, 0, -0.514142, 0, 1, 0, 0.514142, 0, -0.857705, -165.906, -0.05, 72.5209, 0.126421, 0, 0.991977, 0, 1, 0, -0.991977, 0, 0.126421, 137.494, -0.05, -144.271, -0.969845, 0, -0.243722, 0, 1, 0, 0.243722, 0, -0.969845, 150.238, -0.05, 245.326, -0.816504, 0, 0.577339, 0, 1, 0, -0.577339, 0, -0.816504, 200.345, -0.05, -290.43, -0.324561, 0, -0.945865, 0, 1, 0, 0.945865, 0, -0.324561, -364.067, -0.05, -100.542, -0.977144, 0, 0.212578, 0, 1, 0, -0.212578, 0, -0.977144, -320.35, -0.05, -68.3268, -0.0027324, 0, -0.999996, 0, 1, 0, 0.999996, 0, -0.0027324, 8.0461, -0.05, 192.031, -0.916757, 0, -0.399446, 0, 1, 0, 0.399446, 0, -0.916757, 81.5074, -0.05, -13.8643, 0.0624886, 0, -0.998046, 0, 1, 0, 0.998046, 0, 0.0624886, 6.0685, -0.05, 87.4199, 0.329511, 0, -0.944152, 0, 1, 0, 0.944152, 0, 0.329511, 2.05617, -0.05, 99.6334, -0.498206, 0, 0.867058, 0, 1, 0, -0.867058, 0, -0.498206, -118.856, -0.05, -87.2862, -0.927071, 0, 0.374885, 0, 1, 0, -0.374885, 0, -0.927071, -82.201, -0.05, -410.952, 0.0727853, 0, 0.997348, 0, 1, 0, -0.997348, 0, 0.0727853, -345.509, -0.05, -274.683, 0.99917, 0, 0.0407383, 0, 1, 0, -0.0407383, 0, 0.99917, 242.585, -0.05, 342.892, -0.977611, 0, 0.210421, 0, 1, 0, -0.210421, 0, -0.977611, 339.223, -0.05, -170.324, -0.982561, 0, -0.185939, 0, 1, 0, 0.185939, 0, -0.982561, -445.972, -0.05, -366.049, -0.900955, 0, -0.433913, 0, 1, 0, 0.433913, 0, -0.900955, 72.5982, -0.05, 230.094, -0.443138, 0, 0.896453, 0, 1, 0, -0.896453, 0, -0.443138, -286.324, -0.05, -435.178, -0.723267, 0, 0.690569, 0, 1, 0, -0.690569, 0, -0.723267, -363.373, -0.05, 256.72, 0.998434, 0, 0.0559498, 0, 1, 0, -0.0559498, 0, 0.998434, 318.296, -0.05, -125.786, -0.309697, 0, -0.950835, 0, 1, 0, 0.950835, 0, -0.309697, -331.228, -0.05, -444.288, -0.33909, 0, -0.940754, 0, 1, 0, 0.940754, 0, -0.33909, -405.169, -0.05, -203.02, -0.0438024, 0, -0.99904, 0, 1, 0, 0.99904, 0, -0.0438024, 360.587, -0.05, -252.841, 0.0989409, 0, 0.995093, 0, 1, 0, -0.995093, 0, 0.0989409, -88.4434, -0.05, -83.5363, -0.0085356, 0, -0.999964, 0, 1, 0, 0.999964, 0, -0.0085356, -63.9506, -0.05, -1.17841, -0.0478218, 0, -0.998856, 0, 1, 0, 0.998856, 0, -0.0478218, -166.536, -0.05, 307.201, -0.482739, 0, -0.875764, 0, 1, 0, 0.875764, 0, -0.482739, -12.6487, -0.05, 265.766, -0.415995, 0, -0.909367, 0, 1, 0, 0.909367, 0, -0.415995, 325.68, -0.05, 416.138, -0.314449, 0, 0.949274, 0, 1, 0, -0.949274, 0, -0.314449, -439.075, -0.05, -53.3662, -0.916611, 0, 0.39978, 0, 1, 0, -0.39978, 0, -0.916611, -404.369, -0.05, -160.825, 0.133015, 0, -0.991114, 0, 1, 0, 0.991114, 0, 0.133015, -408.682, -0.05, 144.687, -0.996196, 0, -0.0871437, 0, 1, 0, 0.0871437, 0, -0.996196, 277.826, -0.05, 109.766, 0.0856661, 0, 0.996324, 0, 1, 0, -0.996324, 0, 0.0856661, -434.35, -0.05, 171.396, 0.137127, 0, -0.990553, 0, 1, 0, 0.990553, 0, 0.137127, 194.146, -0.05, -0.613312, -0.601372, 0, -0.798969, 0, 1, 0, 0.798969, 0, -0.601372, -265.885, -0.05, 360.114, 0.629397, 0, -0.777084, 0, 1, 0, 0.777084, 0, 0.629397, 405.827, -0.05, -38.559, -0.78431, 0, -0.620369, 0, 1, 0, 0.620369, 0, -0.78431, 387.436, -0.05, 89.1141, -0.472505, 0, -0.881328, 0, 1, 0, 0.881328, 0, -0.472505, -314.549, -0.05, -285.037, 0.999073, 0, -0.0430455, 0, 1, 0, 0.0430455, 0, 0.999073, 2.49435, -0.05, 269.056, -0.269224, 0, 0.963077, 0, 1, 0, -0.963077, 0, -0.269224, -249.682, -0.05, 135.994, 0.938112, 0, -0.346331, 0, 1, 0, 0.346331, 0, 0.938112, 434.862, -0.05, -397.672, -0.985791, 0, -0.167974, 0, 1, 0, 0.167974, 0, -0.985791, -402.903, -0.05, 402.567, 0.970756, 0, -0.240068, 0, 1, 0, 0.240068, 0, 0.970756, -90.0059, -0.05, 222.359, -0.83048, 0, 0.557048, 0, 1, 0, -0.557048, 0, -0.83048, 37.2195, -0.05, -209.168, -0.897516, 0, -0.440982, 0, 1, 0, 0.440982, 0, -0.897516, -275.51, -0.05, -247.928, -0.840978, 0, -0.54107, 0, 1, 0, 0.54107, 0, -0.840978, 303.108, -0.05, 24.9429, -0.954534, 0, 0.298104, 0, 1, 0, -0.298104, 0, -0.954534, -250.282, -0.05, -127.29, -0.0450426, 0, 0.998985, 0, 1, 0, -0.998985, 0, -0.0450426, -412.034, -0.05, -67.7787, 0.995468, 0, -0.0950947, 0, 1, 0, 0.0950947, 0, 0.995468, -80.9126, -0.05, 355.555, 0.998591, 0, -0.0530627, 0, 1, 0, 0.0530627, 0, 0.998591, 63.5208, -0.05, -62.9408, -0.833722, 0, -0.552184, 0, 1, 0, 0.552184, 0, -0.833722, -18.2015, -0.05, 215.897, -0.0779597, 0, 0.996957, 0, 1, 0, -0.996957, 0, -0.0779597, -179.427, -0.05, 167.011, -0.219921, 0, 0.975518, 0, 1, 0, -0.975518, 0, -0.219921, -28.7624, -0.05, -447.049, -0.681527, 0, -0.731793, 0, 1, 0, 0.731793, 0, -0.681527, -0.893814, -0.05, -150.002 )

[sub_resource type="PlaneMesh" id=7]
size = Vector2( 15, 150 )

[sub_resource type="SpatialMaterial" id=8]
albedo_color = Color( 0, 0, 0, 1 )

[node name="Demo" type="Spatial"]

[node name="AirplaneController" type="Node" parent="."]
script = ExtResource( 5 )

[node name="Plane" parent="AirplaneController" instance=ExtResource( 4 )]
transform = Transform( 0.730138, 0, -0.683299, 0, 1, 0, 0.683299, 0, 0.730138, -117.556, 1.5, 112.65 )
throttle_delta = 0

[node name="Player" parent="." instance=ExtResource( 1 )]
transform = Transform( 1, 0, 0, 0, 1, 0, 0, 0, 1, -118.269, 0, 89.2621 )

[node name="Skeleton" parent="Player/LeftHandController/LeftPhysicsHand/LeftHand/Armature_Left" index="0"]
bones/0/bound_children = [  ]
bones/1/bound_children = [  ]
bones/2/bound_children = [  ]
bones/3/bound_children = [  ]
bones/4/bound_children = [  ]
bones/5/bound_children = [  ]
bones/6/bound_children = [  ]
bones/7/bound_children = [  ]
bones/8/bound_children = [  ]
bones/9/bound_children = [  ]
bones/10/bound_children = [  ]
bones/11/bound_children = [  ]
bones/12/bound_children = [  ]
bones/13/bound_children = [  ]
bones/14/bound_children = [  ]
bones/15/bound_children = [  ]
bones/16/bound_children = [  ]
bones/17/bound_children = [  ]
bones/18/bound_children = [  ]
bones/19/bound_children = [  ]

[node name="BoneRoot" parent="Player/LeftHandController/LeftPhysicsHand/LeftHand/Armature_Left/Skeleton" index="1"]
transform = Transform( 1, -2.50192e-40, 1.51496e-08, 1.51445e-08, -0.025905, -0.999665, 3.92449e-10, 0.999664, -0.025905, 7.2293e-21, 0.000360775, -0.0235019 )

[node name="BoneThumbMetacarpal" parent="Player/LeftHandController/LeftPhysicsHand/LeftHand/Armature_Left/Skeleton" index="2"]
transform = Transform( 0.858407, -0.510964, 0.0453197, 0.393499, 0.599231, -0.697195, 0.329085, 0.61631, 0.715447, 1.44628e-08, -0.000522292, 0.0105753 )

[node name="BoneThumbProximal" parent="Player/LeftHandController/LeftPhysicsHand/LeftHand/Armature_Left/Skeleton" index="3"]
transform = Transform( 0.653204, -0.575626, 0.491913, 0.637544, 0.0676378, -0.767439, 0.408486, 0.814911, 0.411168, -0.0307404, 0.0355286, 0.0476535 )

[node name="BoneThumbDistal" parent="Player/LeftHandController/LeftPhysicsHand/LeftHand/Armature_Left/Skeleton" index="4"]
transform = Transform( 0.641228, -0.57023, 0.513483, 0.627228, 0.00400403, -0.778826, 0.442053, 0.821475, 0.360232, -0.0537614, 0.0382334, 0.0802443 )

[node name="BoneIndexMetacarpal" parent="Player/LeftHandController/LeftPhysicsHand/LeftHand/Armature_Left/Skeleton" index="5"]
transform = Transform( 0.999276, 0.0112952, -0.0363351, -0.0380494, 0.303049, -0.952215, 0.000255822, 0.952908, 0.303259, -1.17901e-10, -0.000522291, 0.0105752 )

[node name="BoneIndexProximal" parent="Player/LeftHandController/LeftPhysicsHand/LeftHand/Armature_Left/Skeleton" index="6"]
transform = Transform( 0.993643, 0.108167, -0.0311928, -0.0593467, 0.26786, -0.961629, -0.0956611, 0.957367, 0.272577, 0.00100868, 0.0265468, 0.0956918 )

[node name="BoneIndexMiddle" parent="Player/LeftHandController/LeftPhysicsHand/LeftHand/Armature_Left/Skeleton" index="7"]
transform = Transform( 0.984049, -0.177367, -0.0137285, -0.020051, -0.0339034, -0.999224, 0.176764, 0.983561, -0.0369191, 0.00468414, 0.0356487, 0.128223 )

[node name="BoneIndexDistal" parent="Player/LeftHandController/LeftPhysicsHand/LeftHand/Armature_Left/Skeleton" index="8"]
transform = Transform( 0.927501, -0.373365, 0.0184361, -0.00490146, -0.0614605, -0.998098, 0.373788, 0.925646, -0.0588348, -0.000317366, 0.0346926, 0.155956 )

[node name="BoneMiddleMetacarpal" parent="Player/LeftHandController/LeftPhysicsHand/LeftHand/Armature_Left/Skeleton" index="9"]
transform = Transform( 0.996581, 0.0825, 0.00438378, -0.00516692, 0.115197, -0.993329, -0.0824547, 0.98991, 0.11523, -2.08602e-09, -0.000522293, 0.0105753 )

[node name="BoneMiddleProximal" parent="Player/LeftHandController/LeftPhysicsHand/LeftHand/Armature_Left/Skeleton" index="10"]
transform = Transform( 0.999226, 0.0393314, 0.00018736, 0.00211799, -0.0490505, -0.998794, -0.0392748, 0.998021, -0.0490958, 0.00712923, 0.00943249, 0.0961184 )

[node name="BoneMiddleMiddle" parent="Player/LeftHandController/LeftPhysicsHand/LeftHand/Armature_Left/Skeleton" index="11"]
transform = Transform( 0.90112, -0.432901, 0.0240869, -0.0456923, -0.150064, -0.98762, 0.431156, 0.888863, -0.155006, 0.00830444, 0.00796703, 0.125936 )

[node name="BoneMiddleDistal" parent="Player/LeftHandController/LeftPhysicsHand/LeftHand/Armature_Left/Skeleton" index="12"]
transform = Transform( 0.723534, -0.690285, 0.00243967, -0.172605, -0.184338, -0.967588, 0.668361, 0.699661, -0.252521, -0.00511784, 0.0033142, 0.153496 )

[node name="BoneRingMetacarpal" parent="Player/LeftHandController/LeftPhysicsHand/LeftHand/Armature_Left/Skeleton" index="13"]
transform = Transform( 0.999009, 0.0444944, -0.000672045, 0.00788389, -0.191836, -0.981395, -0.0437955, 0.980418, -0.191997, -3.14338e-09, -0.000522293, 0.0105753 )

[node name="BoneRingProximal" parent="Player/LeftHandController/LeftPhysicsHand/LeftHand/Armature_Left/Skeleton" index="14"]
transform = Transform( 0.993169, 0.116494, -0.00670008, 0.0117931, -0.157336, -0.987475, -0.116089, 0.98065, -0.157635, 0.00351231, -0.015666, 0.0879703 )

[node name="BoneRingMiddle" parent="Player/LeftHandController/LeftPhysicsHand/LeftHand/Armature_Left/Skeleton" index="15"]
transform = Transform( 0.865561, -0.498619, -0.0467217, -0.166109, -0.19783, -0.96606, 0.472453, 0.843944, -0.254059, 0.00682499, -0.0201401, 0.115857 )

[node name="BoneRingDistal" parent="Player/LeftHandController/LeftPhysicsHand/LeftHand/Armature_Left/Skeleton" index="16"]
transform = Transform( 0.475025, -0.861852, -0.17766, -0.499622, -0.0979557, -0.860687, 0.724381, 0.497611, -0.477131, -0.00622966, -0.0253195, 0.137952 )

[node name="BonePinkyMetacarpal" parent="Player/LeftHandController/LeftPhysicsHand/LeftHand/Armature_Left/Skeleton" index="17"]
transform = Transform( 0.999813, 0.0166299, 0.00978245, 0.016408, -0.466135, -0.884562, -0.0101502, 0.884557, -0.466321, 3.16697e-10, -0.000522297, 0.0105754 )

[node name="BonePinkyProximal" parent="Player/LeftHandController/LeftPhysicsHand/LeftHand/Armature_Left/Skeleton" index="18"]
transform = Transform( 0.98895, -0.147942, -0.00946361, -0.0522291, -0.287969, -0.956215, 0.138739, 0.946143, -0.292514, 0.00128954, -0.0366702, 0.0791712 )

[node name="BonePinkyMiddle" parent="Player/LeftHandController/LeftPhysicsHand/LeftHand/Armature_Left/Skeleton" index="19"]
transform = Transform( 0.740024, -0.658406, -0.137349, -0.308624, -0.150972, -0.939127, 0.597591, 0.737366, -0.314923, -0.00162087, -0.0423355, 0.0977853 )

[node name="BonePinkyDistal" parent="Player/LeftHandController/LeftPhysicsHand/LeftHand/Armature_Left/Skeleton" index="20"]
transform = Transform( 0.463311, -0.822464, -0.329992, -0.51281, 0.0548708, -0.856747, 0.722751, 0.566164, -0.396346, -0.0115324, -0.0446074, 0.108884 )

[node name="Grapple_Target" parent="Player/LeftHandController/Function_Grapple_movement" index="1"]
mesh = SubResource( 4 )

[node name="Skeleton" parent="Player/RightHandController/RightPhysicsHand/RightHand/Armature_Left" index="0"]
bones/0/bound_children = [  ]
bones/1/bound_children = [  ]
bones/2/bound_children = [  ]
bones/3/bound_children = [  ]
bones/4/bound_children = [  ]
bones/5/bound_children = [  ]
bones/6/bound_children = [  ]
bones/7/bound_children = [  ]
bones/8/bound_children = [  ]
bones/9/bound_children = [  ]
bones/10/bound_children = [  ]
bones/11/bound_children = [  ]
bones/12/bound_children = [  ]
bones/13/bound_children = [  ]
bones/14/bound_children = [  ]
bones/15/bound_children = [  ]
bones/16/bound_children = [  ]
bones/17/bound_children = [  ]
bones/18/bound_children = [  ]
bones/19/bound_children = [  ]

[node name="BoneRoot" parent="Player/RightHandController/RightPhysicsHand/RightHand/Armature_Left/Skeleton" index="1"]
transform = Transform( 1, -2.50192e-40, 1.51496e-08, 1.51445e-08, -0.025905, -0.999665, 3.92449e-10, 0.999664, -0.025905, 7.2293e-21, 0.000360775, -0.0235019 )

[node name="BoneThumbMetacarpal" parent="Player/RightHandController/RightPhysicsHand/RightHand/Armature_Left/Skeleton" index="2"]
transform = Transform( 0.858407, -0.510964, 0.0453197, 0.393499, 0.599231, -0.697195, 0.329085, 0.61631, 0.715447, 1.44628e-08, -0.000522292, 0.0105753 )

[node name="BoneThumbProximal" parent="Player/RightHandController/RightPhysicsHand/RightHand/Armature_Left/Skeleton" index="3"]
transform = Transform( 0.653204, -0.575626, 0.491913, 0.637544, 0.0676378, -0.767439, 0.408486, 0.814911, 0.411168, -0.0307404, 0.0355286, 0.0476535 )

[node name="BoneThumbDistal" parent="Player/RightHandController/RightPhysicsHand/RightHand/Armature_Left/Skeleton" index="4"]
transform = Transform( 0.641228, -0.57023, 0.513483, 0.627228, 0.00400403, -0.778826, 0.442053, 0.821475, 0.360232, -0.0537614, 0.0382334, 0.0802443 )

[node name="BoneIndexMetacarpal" parent="Player/RightHandController/RightPhysicsHand/RightHand/Armature_Left/Skeleton" index="5"]
transform = Transform( 0.999276, 0.0112952, -0.0363351, -0.0380494, 0.303049, -0.952215, 0.000255822, 0.952908, 0.303259, -1.17901e-10, -0.000522291, 0.0105752 )

[node name="BoneIndexProximal" parent="Player/RightHandController/RightPhysicsHand/RightHand/Armature_Left/Skeleton" index="6"]
transform = Transform( 0.993643, 0.108167, -0.0311928, -0.0593467, 0.26786, -0.961629, -0.0956611, 0.957367, 0.272577, 0.00100868, 0.0265468, 0.0956918 )

[node name="BoneIndexMiddle" parent="Player/RightHandController/RightPhysicsHand/RightHand/Armature_Left/Skeleton" index="7"]
transform = Transform( 0.984049, -0.177367, -0.0137285, -0.020051, -0.0339034, -0.999224, 0.176764, 0.983561, -0.0369191, 0.00468414, 0.0356487, 0.128223 )

[node name="BoneIndexDistal" parent="Player/RightHandController/RightPhysicsHand/RightHand/Armature_Left/Skeleton" index="8"]
transform = Transform( 0.927501, -0.373365, 0.0184361, -0.00490146, -0.0614605, -0.998098, 0.373788, 0.925646, -0.0588348, -0.000317366, 0.0346926, 0.155956 )

[node name="BoneMiddleMetacarpal" parent="Player/RightHandController/RightPhysicsHand/RightHand/Armature_Left/Skeleton" index="9"]
transform = Transform( 0.996581, 0.0825, 0.00438378, -0.00516692, 0.115197, -0.993329, -0.0824547, 0.98991, 0.11523, -2.08602e-09, -0.000522293, 0.0105753 )

[node name="BoneMiddleProximal" parent="Player/RightHandController/RightPhysicsHand/RightHand/Armature_Left/Skeleton" index="10"]
transform = Transform( 0.999226, 0.0393314, 0.00018736, 0.00211799, -0.0490505, -0.998794, -0.0392748, 0.998021, -0.0490958, 0.00712923, 0.00943249, 0.0961184 )

[node name="BoneMiddleMiddle" parent="Player/RightHandController/RightPhysicsHand/RightHand/Armature_Left/Skeleton" index="11"]
transform = Transform( 0.90112, -0.432901, 0.0240869, -0.0456923, -0.150064, -0.98762, 0.431156, 0.888863, -0.155006, 0.00830444, 0.00796703, 0.125936 )

[node name="BoneMiddleDistal" parent="Player/RightHandController/RightPhysicsHand/RightHand/Armature_Left/Skeleton" index="12"]
transform = Transform( 0.723534, -0.690285, 0.00243967, -0.172605, -0.184338, -0.967588, 0.668361, 0.699661, -0.252521, -0.00511784, 0.0033142, 0.153496 )

[node name="BoneRingMetacarpal" parent="Player/RightHandController/RightPhysicsHand/RightHand/Armature_Left/Skeleton" index="13"]
transform = Transform( 0.999009, 0.0444944, -0.000672045, 0.00788389, -0.191836, -0.981395, -0.0437955, 0.980418, -0.191997, -3.14338e-09, -0.000522293, 0.0105753 )

[node name="BoneRingProximal" parent="Player/RightHandController/RightPhysicsHand/RightHand/Armature_Left/Skeleton" index="14"]
transform = Transform( 0.993169, 0.116494, -0.00670008, 0.0117931, -0.157336, -0.987475, -0.116089, 0.98065, -0.157635, 0.00351231, -0.015666, 0.0879703 )

[node name="BoneRingMiddle" parent="Player/RightHandController/RightPhysicsHand/RightHand/Armature_Left/Skeleton" index="15"]
transform = Transform( 0.865561, -0.498619, -0.0467217, -0.166109, -0.19783, -0.96606, 0.472453, 0.843944, -0.254059, 0.00682499, -0.0201401, 0.115857 )

[node name="BoneRingDistal" parent="Player/RightHandController/RightPhysicsHand/RightHand/Armature_Left/Skeleton" index="16"]
transform = Transform( 0.475025, -0.861852, -0.17766, -0.499622, -0.0979557, -0.860687, 0.724381, 0.497611, -0.477131, -0.00622966, -0.0253195, 0.137952 )

[node name="BonePinkyMetacarpal" parent="Player/RightHandController/RightPhysicsHand/RightHand/Armature_Left/Skeleton" index="17"]
transform = Transform( 0.999813, 0.0166299, 0.00978245, 0.016408, -0.466135, -0.884562, -0.0101502, 0.884557, -0.466321, 3.16697e-10, -0.000522297, 0.0105754 )

[node name="BonePinkyProximal" parent="Player/RightHandController/RightPhysicsHand/RightHand/Armature_Left/Skeleton" index="18"]
transform = Transform( 0.98895, -0.147942, -0.00946361, -0.0522291, -0.287969, -0.956215, 0.138739, 0.946143, -0.292514, 0.00128954, -0.0366702, 0.0791712 )

[node name="BonePinkyMiddle" parent="Player/RightHandController/RightPhysicsHand/RightHand/Armature_Left/Skeleton" index="19"]
transform = Transform( 0.740024, -0.658406, -0.137349, -0.308624, -0.150972, -0.939127, 0.597591, 0.737366, -0.314923, -0.00162087, -0.0423355, 0.0977853 )

[node name="BonePinkyDistal" parent="Player/RightHandController/RightPhysicsHand/RightHand/Armature_Left/Skeleton" index="20"]
transform = Transform( 0.463311, -0.822464, -0.329992, -0.51281, 0.0548708, -0.856747, 0.722751, 0.566164, -0.396346, -0.0115324, -0.0446074, 0.108884 )

[node name="Grapple_Target" parent="Player/RightHandController/Function_Grapple_movement" index="1"]
mesh = SubResource( 5 )

[node name="CSGBox" type="CSGBox" parent="."]
use_collision = true
width = 1000.0
height = 1.0
depth = 1000.0
material = SubResource( 1 )

[node name="MeshforMultiMesh" type="MeshInstance" parent="."]
transform = Transform( 1, 0, 0, 0, 1, 0, 0, 0, 1, 0, -0.05, 0 )
visible = false
mesh = SubResource( 2 )

[node name="MultiMeshInstance" type="MultiMeshInstance" parent="."]
multimesh = SubResource( 9 )

[node name="naturePack_052" type="MeshInstance" parent="MultiMeshInstance"]
transform = Transform( 1, 0, 0, 0, 1, 0, 0, 0, 1, -24.703, 0.607465, -35.8901 )
mesh = ExtResource( 3 )

[node name="MeshInstance" type="MeshInstance" parent="."]
transform = Transform( 0.688772, 0, -0.724978, 0, 1, 0, 0.724978, 0, 0.688772, -66.684, 0.51, 61.799 )
mesh = SubResource( 7 )
material/0 = SubResource( 8 )

[connection signal="plane_entered" from="AirplaneController/Plane" to="AirplaneController" method="_on_Plane_plane_entered"]
[connection signal="plane_exited" from="AirplaneController/Plane" to="AirplaneController" method="_on_Plane_plane_exited"]

[editable path="Player"]
[editable path="Player/LeftHandController/LeftPhysicsHand"]
[editable path="Player/LeftHandController/LeftPhysicsHand/LeftHand"]
[editable path="Player/LeftHandController/Function_Grapple_movement"]
[editable path="Player/LeftHandController/Function_BulletTime_movement"]
[editable path="Player/RightHandController/RightPhysicsHand"]
[editable path="Player/RightHandController/RightPhysicsHand/RightHand"]
[editable path="Player/RightHandController/Function_Grapple_movement"]
[editable path="Player/RightHandController/Function_Max_Payne_Dive_movement"]
